# NURBS Curve Points
# Number of points: 50
# Degree: 3
# Control points: 5
# Dimension: 3
#
# x y z
0.000000 0.000000 0.000000
0.129410 0.239284 0.000000
0.270560 0.465136 0.000000
0.420173 0.674856 0.000000
0.575110 0.866572 0.000000
0.732506 1.039202 0.000000
0.889862 1.192364 0.000000
1.045093 1.326260 0.000000
1.196534 1.441546 0.000000
1.342923 1.539206 0.000000
1.483362 1.620436 0.000000
1.617268 1.686551 0.000000
1.744323 1.738904 0.000000
1.864422 1.778831 0.000000
1.977629 1.807606 0.000000
2.084133 1.826415 0.000000
2.184221 1.836336 0.000000
2.278242 1.838333 0.000000
2.366595 1.833250 0.000000
2.449704 1.821811 0.000000
2.528015 1.804624 0.000000
2.601980 1.782178 0.000000
2.672061 1.754854 0.000000
2.738721 1.722917 0.000000
2.802433 1.686521 0.000000
2.863686 1.645699 0.000000
2.923134 1.600333 0.000000
2.981541 1.550203 0.000000
3.039604 1.495050 0.000000
3.097974 1.434584 0.000000
3.157266 1.368490 0.000000
3.218070 1.296435 0.000000
3.280961 1.218075 0.000000
3.346498 1.133067 0.000000
3.415232 1.041084 0.000000
3.487696 0.941834 0.000000
3.564400 0.835082 0.000000
3.645822 0.720678 0.000000
3.732386 0.598597 0.000000
3.824443 0.468979 0.000000
3.922238 0.332173 0.000000
4.025875 0.188798 0.000000
4.135279 0.039788 0.000000
4.250148 -0.113553 0.000000
4.369914 -0.269510 0.000000
4.493701 -0.425940 0.000000
4.620300 -0.580276 0.000000
4.748166 -0.729575 0.000000
4.875440 -0.870607 0.000000
5.000000 -1.000000 0.000000
