# NURBS Curve Points
# Number of points: 100
# Degree: 3
# Control points: 5
# Dimension: 3
#
# x y z
0.000000 0.000000 0.000000
0.062378 0.119911 0.000000
0.128039 0.236929 0.000000
0.196584 0.350652 0.000000
0.267614 0.460725 0.000000
0.340731 0.566845 0.000000
0.415546 0.668758 0.000000
0.491684 0.766259 0.000000
0.568784 0.859191 0.000000
0.646508 0.947444 0.000000
0.724538 1.030949 0.000000
0.802581 1.109677 0.000000
0.880367 1.183634 0.000000
0.957654 1.252858 0.000000
1.034224 1.317414 0.000000
1.109885 1.377391 0.000000
1.184469 1.432899 0.000000
1.257832 1.484064 0.000000
1.329850 1.531025 0.000000
1.400422 1.573932 0.000000
1.469465 1.612940 0.000000
1.536916 1.648211 0.000000
1.602724 1.679909 0.000000
1.666857 1.708200 0.000000
1.729293 1.733246 0.000000
1.790022 1.755211 0.000000
1.849048 1.774251 0.000000
1.906378 1.790521 0.000000
1.962032 1.804168 0.000000
2.016035 1.815337 0.000000
2.068417 1.824162 0.000000
2.119214 1.830773 0.000000
2.168466 1.835293 0.000000
2.216216 1.837838 0.000000
2.262512 1.838515 0.000000
2.307400 1.837427 0.000000
2.350933 1.834667 0.000000
2.393162 1.830321 0.000000
2.434140 1.824470 0.000000
2.473921 1.817185 0.000000
2.512559 1.808534 0.000000
2.550111 1.798574 0.000000
2.586631 1.787358 0.000000
2.622175 1.774931 0.000000
2.656799 1.761332 0.000000
2.690560 1.746593 0.000000
2.723515 1.730738 0.000000
2.755720 1.713787 0.000000
2.787233 1.695750 0.000000
2.818113 1.676632 0.000000
2.848419 1.656429 0.000000
2.878233 1.635126 0.000000
2.907652 1.612699 0.000000
2.936770 1.589121 0.000000
2.965674 1.564361 0.000000
2.994450 1.538390 0.000000
3.023178 1.511174 0.000000
3.051939 1.482678 0.000000
3.080807 1.452864 0.000000
3.109859 1.421695 0.000000
3.139166 1.389132 0.000000
3.168801 1.355134 0.000000
3.198833 1.319659 0.000000
3.229333 1.282667 0.000000
3.260370 1.244114 0.000000
3.292011 1.203960 0.000000
3.324324 1.162162 0.000000
3.357376 1.118682 0.000000
3.391233 1.073480 0.000000
3.425959 1.026520 0.000000
3.461618 0.977770 0.000000
3.498274 0.927198 0.000000
3.535986 0.874781 0.000000
3.574813 0.820497 0.000000
3.614811 0.764335 0.000000
3.656033 0.706288 0.000000
3.698527 0.646360 0.000000
3.742338 0.584563 0.000000
3.787504 0.520923 0.000000
3.834058 0.455478 0.000000
3.882024 0.388281 0.000000
3.931417 0.319399 0.000000
3.982246 0.248921 0.000000
4.034504 0.176951 0.000000
4.088174 0.103618 0.000000
4.143226 0.029070 0.000000
4.199614 -0.046518 0.000000
4.257275 -0.122950 0.000000
4.316129 -0.200000 0.000000
4.376078 -0.277419 0.000000
4.437005 -0.354932 0.000000
4.498771 -0.432235 0.000000
4.561217 -0.509005 0.000000
4.624165 -0.584890 0.000000
4.687415 -0.659523 0.000000
4.750750 -0.732517 0.000000
4.813934 -0.803471 0.000000
4.876715 -0.871978 0.000000
4.938829 -0.937624 0.000000
5.000000 -1.000000 0.000000
